100206
100307
100610
101006
101107
101915
102109
102513
102614
103111
103212
103515
103818
104012
105014
105115
105216
105620
105923
106319
106824
107018
107321
107422
108020
108121
108222
108525
108828
109123
109325
110007
110411
110613
111009
111211
111413
111514
112112
112314
112920
113215
113316
113619
113922
114217
114621
114924
115219
115724
115825
117021
117930
118023
118124
118225
118730
118831
119732
119833
120212
121416
121618
121921
122317
122620
122822
123117
123521
123723
123925
124624
124826
125222
125424
125525
126325
126426
127630
127731
127832
127933
128026
128632
128935
129331
130013
130114
130417
130518
130619
130821
131217
131419
131722
132017
132118
133019
133625
133928
134223
134324
134425
135124
135225
135528
135629
136732
136833
137027
137128
137229
137532
137633
137936
138231
138534
138837
139435
139637
139839
140319
140925
141119
141422
143224
143830
144428
144731
144933
145127
145834
146331
146432
146533
146937
147030
147737
148032
148133
148335
149236
149337
149539
149741
149842
150423
150726
150928
151223
151324
151425
151627
151829
152225
152831
153025
153126
153227
153429
153631
153732
153934
154229
154431
154532
154734
154835
154936
156031
156233
156334
156435
156637
157336
157437
157942
158035
158136
158540
159239
159441
159744
160123
160729
160830
161731
162026
162228
162329
162935
163129
163432
163836
164030
164131
164636
164939
165032
165436
165638
165840
166640
167036
167440
167743
168240
168341
168745
169040
169343
169444
169545
169747
169949
171431
171532
171633
172130
172332
172433
172534
173334
173435
173536
173637
173839
173940
174437
174841
175035
175439
175540
175742
176037
176239
176441
176542
177140
177645
177746
178142
178243
180230
180432
180533
180937
181636
182032
182840
183034
183337
185139
185341
185442
185846
186141
186848
187345
187547
187850
188145
188448
189349
189450
189652
191033
191235
191336
191437
192035
192237
192439
192540
192843
193239
193845
194140
194443
194645
195041
195445
195647
196144
196346
196750
196952
197348
198047
198350
198653
199352
199453
200008
200109
200311
200513
200614
201111
201414
201515
201818
202113
202719
202820
203923
204420
204622
205220
205826
206222
206323
206525
206727
206828
207123
208024
208125
208226
208327
208630
209127
209228
209834
209935
210011
210112
210617
211114
211316
211417
211619
211821
211922
212015
212116
212318
212419
212823
213017
213421
213522
214019
214221
214625
214726
217126
217429
220721
223929
227432
228434
237334
239136
248339
249947
250427
250932
251833
255639
255740
256540
257542
257845
263436
268749
268850
275645
280941
283543
285345
285446
286347
286650
287248
289555
293748
298051
299154
300618
300719
304727
305830
307127
309636
311320
316633
316835
318637
320826
321323
322224
325129
329844
333330
334635
341834
342129
346137
346945
348545
349244
350330
352132
352738
356948
358144
361941
365343
366042
368551
368753
371843
376247
378756
378857
380036
381038
381543
385046
385450
389357
390645
391748
393247
395958
397760
401422
406836
414229
415837
419239
421226
422632
429040
432332
436239
441939
445543
448347
449753
453542
454140
456346
461743
467351
475855
479762
480141
481042
485757
497865
500222
510225
512835
513130
516742
517239
519647
519950
522434
523032
524135
525541
529549
529953
530635
531536
531940
536647
540436
541640
541943
545345
548250
552241
555348
557857
558657
558960
559457
561242
561949
562446
566454
567052
567961
568963
570243
571144
572045
573249
576255
579867
580650
580751
581349
581450
585256
588565
589567
592455
597869
599065
599671
601127
604537
611938
616645
618952
622236
623844
626648
627549
627852
633847
634748
635245
638049
644246
645450
645551
654552
656657
660951
664757
665254
667056
671855
672756
673455
675661
677766
677968
680250
680452
680957
683256
685058
687163
692964
694362
695768
700634
702133
704238
705341
707749
709551
713239
715647
715950
724446
725751
727553
728454
729557
731140
734045
737960
744553
748258
749058
749361
751550
753251
756055
757764
759869
760551
765056
767464
769064
770352
773257
782561
784565
788674
789373
792867
793465
802844
803240
804646
814548
825654
826454
828862
832651
833249
837560
837964
843151
844961
845458
849264
856766
857263
865363
867468
870861
871762
871964
872158
872562
873968
877168
877269
878776
878877
882161
884064
885975
886674
887373
888678
894673
894774
896879
898176
901038
901139
904044
905147
907656
908860
910241
910443
911849
912447
917255
917558
919966
923755
926862
927359
930449
933253
951457
952863
955465
958976
965367
966975
969476
971160
984472
987074
987983
990366
991267
992673
992774
993675
994273
996782
